123
345
32
198
11
3525
3450
1926
8534
6531
4043
3019
7057
1383
3245
1245
9904
2976
2413
1205
6738
1151
337
8709
5860
499
1266
644
2490
8027
5546
2093
8043
7064
4725
3686
4428
5528
2231
2097
4666
563
1922
2799
9792
9445
2426
2306
2150
5381
7438
1325
303
1479
2750
984
906
5462
2577
3809
7006
7697
1510
9242
9966
869
1335
5782
246
7384
8373
6286
8032
635
8470
943
2067
3732
6548
1601
7709
199
8577
9283
9639
652
4310
1749
2322
9142
1150
2325
358
2023
8878
5051
534
798
1240
1524
5371
3224
2820
1687
875
2545
4065
1561
9808
4689
4757
2083
2474
5443
2843
6973
669
908
4685
4337
5224
4165
3392
8255
7495
6232
7411
2072
5828
1219
5423
9965
6914
4769
3090
3790
6787
3870
5540
1696
9417
5841
7866
8882
1944
8203
1226
8189
9481
3539
4905
3496
9903
8226
703
2107
111
8600
7301
9006
4626
4113
1426
3050
7518
8568
9577
2829
2286
7430
7051
6632
6098
356
1580
5071
6500
6442
1777
1733
7162
6363
4875
3537
6637
2334
6273
3434
1939
2025
1574
7507
685
1786
1585
1575
8604
8617
5280
489
8960
2435
2099
8951
2728
7930
667
6999
1297
9378
7473
7136
8112
9121
9567
706
5811
6149
9640
2180
5241
5708
7694
4887
2023
6514
925
2580
3100
3662
1162
3413
415
3076
8771
9443
1682
9742
6583
9302
1100
7164
9549
8342
9997
5632
5929
5550
1992
1762
6286
3369
9659
75
7324
4481
5886
2817
7606
1457
6979
2057
1260
300
6590
8820
1694
1255
8716
4047
1624
1599
8947
278
83
1920
1845
673
6710
5913
8727
9477
7083
351
9760
808
8100
5186
9597
4875
3913
9266
6983
8994
2375
4537
9794
6612
7943
999
8065
5690
6795
4254
3111
8329
2761
2758
536
4756
5110
8530
9733
1910
4537
8803
4620
7643
8184
5905
5528
1783
6704
4559
2861
7516
9747
2487
9666
1715
9135
9529
404
3405
7122
5745
4935
9297
8016
7559
4983
2474
1246
581
2330
4203
4318
2152
7091
4437
8866
4088
2243
942
3369
7121
9826
3504
2124
5108
7569
9085
151
960
1803
465
4841
6693
6542
1352
1888
1730
3326
1122
7603
8196
2946
5988
1605
1412
9028
2109
3570
6028
7108
1035
2461
7679
4449
9254
754
5375
5991
948
1450
8570
6782
991
1511
9537
4814
4241
9876
9629
1654
5208
4769
4752
890
980
8494
1951
2826
4972
1488
6710
8007
7190
2878
6392
6555
5067
1498
1398
6134
1032
1157
8671
7031
4192
5090
7100
2076
44
5979
1987
1232
7188
1447
1172
3739
167
1946
4570
544
5294
6681
3969
3632
7220
5921
7587
1018
8536
4886
3359
7213
3655
4235
5714
5185
838
2130
7821
1273
148
2906
2979
7581
2497
5836
8751
472
9869
3911
2704
7249
3539
4116
3942
6366
1042
7773
8254
4062
2083
3974
5301
8723
5013
1011
2190
2709
8518
9116
7996
5323
9287
4076
7498
2400
177
5157
2120
1759
951
2317
5703
2574
8209
1518
2806
2424
7907
8600
1849
6623
9911
1220
1931
2356
568
6840
4280
1935
8073
3595
4327
4075
1346
100
9214
3925
2122
9336
6645
6245
93
3787
4141
3402
6714
8587
4017
233
9699
6648
5384
2598
3711
7673
4136
391
5666
6541
4357
9957
4618
3992
2654
3720
5650
1449
6033
522
4337
8741
1690
7849
5796
1917
9525
7528
6547
8748
8777
1369
6852
5246
1197
9052
8730
7547
3537
4737
9300
1924
9606
6498
9143
8623
6555
2003
8973
8273
1552
7846
8742
845
3740
9843
665
3271
2156
6115
7654
2521
512
3860
1203
2668
2623
2354
4582
12
7378
1739
9912
227
4225
7149
5299
2725
8169
2608
2169
1193
1777
9872
3038
9573
345
2140
9382
1875
4841
2878
262
6759
7994
5169
7990
4745
5998
8438
8958
4666
36
8039
497
573
906
7650
3866
1640
753
5563
9280
8526
5701
8819
1932
778
3229
3788
2524
2237
9401
7984
4069
1735
6839
5367
2563
1769
3857
880
9940
5891
8234
2103
3225
3415
1327
1910
1381
4082
2010
7901
7314
7461
1198
7399
3412
7150
696
3203
6000
9531
1291
8872
8585
1465
8283
1302
4265
8770
8356
3254
5026
170
4809
9068
2561
2438
539
2373
5685
4006
44
3670
4490
4879
8292
3083
6535
6424
9127
195
1916
8111
2054
4400
9677
841
6628
1477
9498
617
4659
2025
2905
5227
306
1672
8213
6121
1038
1706
5670
6604
9105
132
435
7167
4303
6459
6753
6752
6087
5618
7791
9217
813
8923
1942
4327
2348
9851
594
5478
9460
964
4118
560
6216
6998
8614
8366
790
7852
5923
6521
5257
4931
9
9067
9679
5201
4199
5565
1689
9055
8060
955
7869
7451
9363
7686
2717
798
4250
3102
3584
7396
5230
5581
2113
6888
1115
9086
9154
7083
8262
8659
4667
7499
3775
8112
6628
8844
738
4342
892
641
8496
8751
5915
3597
1639
4326
837
1677
9727
9461
375
7465
6445
8717
1759
1919
8642
68
175
1908
6241
5052
4500
3553
3847
2325
3504
2096
9310
7208
6829
9396
3243
2765
9588
8455
569
4266
332
4895
1129
3887
7964
6082
5858
7337
9777
2761
2932
9240
3893
1354
8923
2613
9694
9389
9309
7157
5834
7428
5410
3817
1686
7549
8915
4201
6973
8433
4202
8839
5554
1396
4588
4882
1355
1029
9582
7490
5913
9610
2163
2570
6277
6589
9815
2391
6014
4246
5051
4707
3613
3470
8372
3272
7199
7353
9659
3732
2373
2092
3047
9076
9504
2414
8447
5306
2125
2583
7936
1875
2307
1739
3208
1584
8538
5526
6937
7869
1305
2275
5711
7065
349
161
1301
667
6002
6453
4942
8593
1312
5011
9406
9453
7445
7458
1235
2246
9785
8820
1751
3125
6713
2876
9296
8768
664
1864
6146
2848
2319
209
8737
9302
2388
5255
989
7798
3449
5756
6935
1019
2007
9468
8522
1286
9364
9697
6741
9144
760
9366
3213
4357
1398
5696
1052
6270
4648
5193
