9
11
12
32
36
44
44
68
75
83
93
100
111
123
132
148
151
161
167
170
175
177
195
198
199
209
227
233
246
262
278
300
303
306
332
337
345
345
349
351
356
358
375
391
404
415
435
465
472
489
497
499
512
522
534
536
539
544
560
563
568
569
573
581
594
617
635
641
644
652
664
665
667
667
669
673
685
696
703
706
738
753
754
760
778
790
798
798
808
813
837
838
841
845
869
875
880
890
892
906
906
908
925
942
943
948
951
955
960
964
980
984
989
991
999
1011
1018
1019
1029
1032
1035
1038
1042
1052
1100
1115
1122
1129
1150
1151
1157
1162
1172
1193
1197
1198
1203
1205
1219
1220
1226
1232
1235
1240
1245
1246
1255
1260
1266
1273
1286
1291
1297
1301
1302
1305
1312
1325
1327
1335
1346
1352
1354
1355
1369
1381
1383
1396
1398
1398
1412
1426
1447
1449
1450
1457
1465
1477
1479
1488
1498
1510
1511
1518
1524
1552
1561
1574
1575
1580
1584
1585
1599
1601
1605
1624
1639
1640
1654
1672
1677
1682
1686
1687
1689
1690
1694
1696
1706
1715
1730
1733
1735
1739
1739
1749
1751
1759
1759
1762
1769
1777
1777
1783
1786
1803
1845
1849
1864
1875
1875
1888
1908
1910
1910
1916
1917
1919
1920
1922
1924
1926
1931
1932
1935
1939
1942
1944
1946
1951
1987
1992
2003
2007
2010
2023
2023
2025
2025
2054
2057
2067
2072
2076
2083
2083
2092
2093
2096
2097
2099
2103
2107
2109
2113
2120
2122
2124
2125
2130
2140
2150
2152
2156
2163
2169
2180
2190
2231
2237
2243
2246
2275
2286
2306
2307
2317
2319
2322
2325
2325
2330
2334
2348
2354
2356
2373
2373
2375
2388
2391
2400
2413
2414
2424
2426
2435
2438
2461
2474
2474
2487
2490
2497
2521
2524
2545
2561
2563
2570
2574
2577
2580
2583
2598
2608
2613
2623
2654
2668
2704
2709
2717
2725
2728
2750
2758
2761
2761
2765
2799
2806
2817
2820
2826
2829
2843
2848
2861
2876
2878
2878
2905
2906
2932
2946
2976
2979
3019
3038
3047
3050
3076
3083
3090
3100
3102
3111
3125
3203
3208
3213
3224
3225
3229
3243
3245
3254
3271
3272
3326
3359
3369
3369
3392
3402
3405
3412
3413
3415
3434
3449
3450
3470
3496
3504
3504
3525
3537
3537
3539
3539
3553
3570
3584
3595
3597
3613
3632
3655
3662
3670
3686
3711
3720
3732
3732
3739
3740
3775
3787
3788
3790
3809
3817
3847
3857
3860
3866
3870
3887
3893
3911
3913
3925
3942
3969
3974
3992
4006
4017
4043
4047
4062
4065
4069
4075
4076
4082
4088
4113
4116
4118
4136
4141
4165
4192
4199
4201
4202
4203
4225
4235
4241
4246
4250
4254
4265
4266
4280
4303
4310
4318
4326
4327
4327
4337
4337
4342
4357
4357
4400
4428
4437
4449
4481
4490
4500
4537
4537
4559
4570
4582
4588
4618
4620
4626
4648
4659
4666
4666
4667
4685
4689
4707
4725
4737
4745
4752
4756
4757
4769
4769
4809
4814
4841
4841
4875
4875
4879
4882
4886
4887
4895
4905
4931
4935
4942
4972
4983
5011
5013
5026
5051
5051
5052
5067
5071
5090
5108
5110
5157
5169
5185
5186
5193
5201
5208
5224
5227
5230
5241
5246
5255
5257
5280
5294
5299
5301
5306
5323
5367
5371
5375
5381
5384
5410
5423
5443
5462
5478
5526
5528
5528
5540
5546
5550
5554
5563
5565
5581
5618
5632
5650
5666
5670
5685
5690
5696
5701
5703
5708
5711
5714
5745
5756
5782
5796
5811
5828
5834
5836
5841
5858
5860
5886
5891
5905
5913
5913
5915
5921
5923
5929
5979
5988
5991
5998
6000
6002
6014
6028
6033
6082
6087
6098
6115
6121
6134
6146
6149
6216
6232
6241
6245
6270
6273
6277
6286
6286
6363
6366
6392
6424
6442
6445
6453
6459
6498
6500
6514
6521
6531
6535
6541
6542
6547
6548
6555
6555
6583
6589
6590
6604
6612
6623
6628
6628
6632
6637
6645
6648
6681
6693
6704
6710
6710
6713
6714
6738
6741
6752
6753
6759
6782
6787
6795
6829
6839
6840
6852
6888
6914
6935
6937
6973
6973
6979
6983
6998
6999
7006
7031
7051
7057
7064
7065
7083
7083
7091
7100
7108
7121
7122
7136
7149
7150
7157
7162
7164
7167
7188
7190
7199
7208
7213
7220
7249
7301
7314
7324
7337
7353
7378
7384
7396
7399
7411
7428
7430
7438
7445
7451
7458
7461
7465
7473
7490
7495
7498
7499
7507
7516
7518
7528
7547
7549
7559
7569
7581
7587
7603
7606
7643
7650
7654
7673
7679
7686
7694
7697
7709
7773
7791
7798
7821
7846
7849
7852
7866
7869
7869
7901
7907
7930
7936
7943
7964
7984
7990
7994
7996
8007
8016
8027
8032
8039
8043
8060
8065
8073
8100
8111
8112
8112
8169
8184
8189
8196
8203
8209
8213
8226
8234
8254
8255
8262
8273
8283
8292
8329
8342
8356
8366
8372
8373
8433
8438
8447
8455
8470
8494
8496
8518
8522
8526
8530
8534
8536
8538
8568
8570
8577
8585
8587
8593
8600
8600
8604
8614
8617
8623
8642
8659
8671
8709
8716
8717
8723
8727
8730
8737
8741
8742
8748
8751
8751
8768
8770
8771
8777
8803
8819
8820
8820
8839
8844
8866
8872
8878
8882
8915
8923
8923
8947
8951
8958
8960
8973
8994
9006
9028
9052
9055
9067
9068
9076
9085
9086
9105
9116
9121
9127
9135
9142
9143
9144
9154
9214
9217
9240
9242
9254
9266
9280
9283
9287
9296
9297
9300
9302
9302
9309
9310
9336
9363
9364
9366
9378
9382
9389
9396
9401
9406
9417
9443
9445
9453
9460
9461
9468
9477
9481
9498
9504
9525
9529
9531
9537
9549
9567
9573
9577
9582
9588
9597
9606
9610
9629
9639
9640
9659
9659
9666
9677
9679
9694
9697
9699
9727
9733
9742
9747
9760
9777
9785
9792
9794
9808
9815
9826
9843
9851
9869
9872
9876
9903
9904
9911
9912
9940
9957
9965
9966
9997
